6557
357
8491
9340
6787
7577
7431
3922
6555
1712
7060
318
2769
462
971
8235
6948
3171
9502
344
4387
3816
7655
7952
1869
4898
4456
6463
7094
7547
2760
6797
6551
1626
1190
4984
9597
3404
5853
2238
7513
2551
5060
6991
8909
9593
5472
1386
1493
2575
8407
2543
8143
2435
9293
3500
1966
2511
6160
4733
3517
8308
5853
5497
9172
2858
7572
7537
3804
5678
759
540
5308
7792
9340
1299
5688
4694
119
3371
1622
7943
3112
5285
1656
6020
2630
6541
6892
7482
4505
838
2290
9133
1524
8258
5383
9961
782
4427
1067
9619
46
7749
8173
8687
844
3998
2599
8001
4314
9106
1818
2638
1455
1361
8693
5797
5499
1450
8530
6221
3510
5132
4018
760
2399
1233
1839
2400
4173
497
9027
9448
4909
4893
3377
9001
3692
1112
7803
3897
2417
4039
965
1320
9421
9561
5752
598
2348
3532
8212
154
430
1690
6491
7317
6477
4509
5470
2963
7447
1890
6868
1835
3685
6256
7802
811
9294
7757
4868
4359
4468
3063
5085
5108
8176
7948
6443
3786
8116
5328
3507
9390
8759
5502
6225
5870
2077
3012
4709
2305
8443
1948
2259
1707
2277
4357
3111
9234
4302
1848
9049
9797
4389
1111
2581
4087
5949
2622
6028
7112
2217
1174
2967
3188
4242
5079
855
2625
8010
292
9289
7303
4886
5785
2373
4588
9631
5468
5211
2316
4889
6241
6791
3955
3674
9880
377
8852
9133
7962
987
2619
3354
6797
1366
7212
1068
6538
4942
7791
7150
9037
8909
3342
6987
1978
305
7441
5000
4799
9047
6099
6177
8594
8055
5767
1829
2399
8865
287
4899
1679
9787
7127
5005
4711
596
6820
424
714
5216
967
8181
8175
7224
1499
6596
5186
9730
6490
8003
4538
4324
8253
835
1332
1734
3909
8314
8034
605
3993
5269
4168
6569
6280
2920
4317
155
9841
1672
1062
3724
1981
4897
3395
9516
9203
527
7379
2691
4228
5479
9427
4177
9831
3015
7011
6663
5391
6981
6665
1781
1280
9991
1711
326
5612
8819
6692
1904
3689
4607
9816
1564
8555
6448
3763
1909
4283
4820
1206
5895
2262
3846
5830
2518
2904
6171
2653
8244
9827
7302
3439
5841
1078
9063
8797
8178
2607
5944
225
4253
3127
1615
1788
4229
942
5985
4709
6959
6999
6385
336
688
3196
5309
6544
4076
8200
7184
9686
5313
3251
1056
6110
7788
4235
908
2665
1537
2810
4401
5271
4574
8754
5181
9436
6377
9577
2407
6761
2891
6718
6951
680
2548
2240
6678
8444
3445
7805
6753
67
6022
3868
9160
12
4624
4243
4609
7702
3225
7847
4714
358
1759
7218
4735
1527
3411
6074
1917
7384
2428
9174
2691
7655
1887
2875
911
5762
6834
5466
4257
6444
6476
6790
6358
9452
2089
7093
2362
1194
6073
4501
4587
6619
7703
3502
6620
4162
8419
8329
2564
6135
5822
5407
8699
2648
3181
1192
9398
6456
4795
6393
5447
6473
5439
7210
5225
9937
2187
1058
1097
636
4046
4484
3658
7635
6279
7720
9329
9727
1920
1389
6963
938
5254
5303
8611
4849
3935
6714
7413
5201
3477
1500
5861
2621
445
7549
2428
4424
6878
3592
7363
3947
6834
7040
4423
196
3309
4243
2703
1971
8217
4299
8878
3912
7691
3968
8085
7551
3774
2160
7904
9493
3276
6713
4386
8335
7689
1673
8620
9899
5144
8843
5880
1548
1999
4070
7487
8256
7900
3185
5341
900
1117
1363
6787
4952
1897
4950
1476
550
8507
5606
9296
6967
5828
8154
8790
9889
5
8654
6126
9900
5277
4795
8013
2278
4981
9009
5747
8452
7386
5860
2467
6664
835
6260
6609
7298
8908
9823
7690
5814
9283
5801
170
1209
8627
4843
8449
2094
5523
6299
320
6147
3624
495
4896
1925
1231
2055
1465
1891
427
6352
2819
5386
6952
4991
5358
4452
1239
4904
8530
8739
2703
2085
5650
6403
4170
2060
9479
821
1057
1420
1665
6210
5737
521
9312
7287
7378
634
8604
9344
9844
8589
7856
5134
1776
3986
1339
309
9391
3013
2955
3329
4671
6482
252
8422
5590
8541
3479
4460
542
1771
6628
3308
8985
1182
9884
5400
7069
9995
2878
4145
4648
7640
8182
1002
1781
3596
567
5219
3358
1757
2089
9052
6754
4685
9121
1040
7455
7363
5619
1842
5972
2999
1341
2126
8949
715
2425
538
4417
133
8972
1967
934
3074
4561
1017
9954
3321
2973
620
2982
464
5054
7614
6311
899
809
7772
9051
5338
1092
8258
3381
2940
7463
103
484
6679
6035
5261
7297
7073
7814
2880
6925
5567
3965
616
7802
3376
6079
7413
1048
1279
5495
4852
8905
7990
7343
513
729
885
7984
9430
6837
1321
7227
1104
1175
6407
3288
6538
7491
5832
7400
2348
7350
9706
8669
862
3664
3692
6850
5979
7894
3677
2060
867
7719
2057
3883
5518
2290
6419
4845
1518
7819
1006
2941
2374
5309
915
4053
1048
1123
7844
2916
6035
9644
4325
6948
7581
4326
6555
1098
9338
1875
2662
7978
4876
7690
3960
2729
372
6733
4296
4517
6099
594
3158
7727
6964
1253
1302
924
78
4231
6556
7229
5312
1088
6318
1265
1343
986
1420
1683
1962
3175
3164
2176
2510
8929
7032
5557
1844
2120
773
9138
7067
5578
3134
1662
6225
9879
1704
2578
3968
740
6841
4024
9828
4022
6207
1544
3813
1611
7581
8711
3508
6855
2941
5306
8324
5975
3353
2992
4526
4226
3596
5583
7425
4243
4294
1249
244
2902
3175
6537
9569
9357
4579
2405
7639
7593
7406
7437
1059
6816
4633
2122
985
8236
1750
1636
6660
8944
5166
7027
1536
9535
5409
6797
366
8092
7486
1202
5250
3258
5464
3989
4151
1807
2554
205
9237
6537
9326
1635
9211
7947
5774
4400
2576
7519
2287
642
7673
6712
7152
6421
4190
3908
8161
3174
8145
7891
8523
5056
6357
9509
4440
600
8667
6312
3551
9970
2242
6525
6050
3872
1422
251
4211
1841
7258
3704
8416
7342
5710
1769
9574
2653
9246
2238
3736
875
6401
1806
451
7232
3474
6606
3839
6273
216
9106
8006
7458
8131
3833
6173
5755
5301
2751
2486
4516
2277
8044
9861
300
5357
871
8021
9891
669
9394
182
6838
7837
5341
8854
8990
6259
1379
2178
1821
418
1069
6164
9397
3545
4106
9843
9456
6766
9883
7668
3367
6624
2442
2955
6802
5278
4116
6026
7505
5835
5518
5836
5118
826
7196
9962
3545
9713
3464
8865
4547
4134
2177
1257
3089
7261
7829
6938
98
8432
9223
7710
427
3782
7043
7295
2243
2691
6730
4775
6237
2364
1771
8296
7669
9345
1079
1822
991
4898
1932
8959
991
442
5573
7725
3119
1790
3390
2101
5102
9064
6289
1015
3909
546
5013
4317
9976
8116
4857
8944
1375
3900
9274
9175
7136
6183
3433
9360
1248
7306
6465
8332
3983
7498
8352
3225
5523
9791
5493
3304
6195
3606
7565
4139
4923
6947
9727
3278
8378
7391
9542
319
3569
6627
2815
2304
7111
6246
5906
6604
476
3488
4513
2409
7150
8562
2815
7311
1378
8367
1386
5882
3662
8068
5038
4896
8770
3531
4494
9635
423
9730
1892
6671
5864
6751
3610
6203
8112
193
839
9748
6513
2312
4035
1220
2684
2578
3317
1522
3480
1217
8842
943
9300
3990
474
3424
7360
7947
5449
6862
8936
548
3037
462
1955
7202
7218
8778
5824
707
9227
8004
2859
5437
9848
7157
8390
4333
4706
5607
2691
7490
5039
6468
3077
1387
4756
3625
7881
7803
6685
1335
216
5598
3008
9394
9809
2866
8008
8961
5975
8840
9437
5492
7284
5768
259
4465
6463
5212
3723
9371
8295
8491
3725
5932
8726
9335
6685
2068
6539
721
4067
6669
9337
8110
4845
7567
4170
9718
9880
8641
3889
4547
2467
7844
8828
9137
5583
5989
1489
8997
4504
2057
8997
7626
8825
2850
6732
6643
1228
4073
2753
7167
2834
8962
8266
3900
4979
6948
8344
6096
5747
3260
4564
7138
8844
7209
186
6748
4385
4378
1170
8147
3249
2462
3427
3757
5466
5619
3958
3981
5154
6575
9509
7223
4001
8319
1343
605
842
1639
3242
3017
117
5399
954
1465
6311
8593
9742
5708
9969
5535
5155
3307
4300
4918
710
8877
646
4362
8266
3945
6135
8186
8862
9311
1908
2586
8979
5934
5038
6128
8194
5319
2021
4539
4279
9661
6201
6954
7202
3469
5170
5567
1565
5621
6948
4265
8363
7314
3600
4542
3864
7756
7343
4303
6938
9452
7842
7056
1093
3899
5909
4594
503
2287
8342
156
8637
781
6690
5002
2180
5716
1222
6712
5996
560
563
1525
196
4352
8322
6174
5201
8639
977
9081
1080
5170
1432
5594
46
7667
8487
9168
9870
5051
2714
1008
5078
5856
7629
830
6616
5170
1710
9386
5905
4406
9419
6559
4519
8397
5326
5539
6801
3672
2393
5789
8669
4068
1126
4438
3002
4014
8334
4036
3902
3604
1403
2601
868
4294
2573
2976
4249
1192
4951
7064
2436
7851
741
3939
34
2207
13
1892
1425
2681
1749
1386
5989
9011
9394
2212
4827
3760
5238
2649
684
4363
1739
261
9547
4306
9616
7624
73
6800
7060
6451
5523
2181
7724
2280
3709
8909
8564
4024
3180
6086
9102
9091
5916
3326
8531
4424
9044
332
5324
7165
1793
3365
1877
3219
4039
5486
487
5527
2748
2415
2431
1542
9564
9357
8187
7283
1758
3604
1888
12
3164
6996
6253
5431
4390
2874
5017
7615
7624
5761
7477
6455
1232
5044
3473
921
1478
1982
6723
4315
6944
2568
98
5323
2794
9462
9064
3927
249
6714
8372
9715
569
4503
5825
6866
7194
6500
7269
3738
5816
1161
577
9798
2848
5950
9622
1858
1930
3416
9329
3907
2732
1519
3971
3747
1311
4350
915
6146
110
5733
7897
2354
4480
5694
614
4963
6423
2213
8371
9711
8464
5060
2789
7466
2369
9573
6203
6003
1726
903
2553
8586
9111
6996
7252
2299
5761
8106
4038
9884
900
3209
5114
606
7257
5566
5294
8300
8588
7890
3178
4522
7522
1099
1097
2699
5246
9727
7104
3119
2915
8504
9116
6393
2554
887
8383
5847
9481
610
5846
2851
8277
1910
4425
3934
8266
6769
2076
3181
1338
6715
5710
1698
1477
4761
9081
5522
329
539
8051
4514
3826
7896
3643
5323
7117
8715
3287
6501
9748
760
5870
4139
3091
2638
7588
9952
1866
7811
1958
9924
8023
4242
7289
4984
8090
3565
732
5910
9102
1938
4324
7492
392
9463
7637
5588
1838
4979
5178
9942
8549
9624
6789
4035
9350
4795
2318
3963
7051
5586
7566
9955
9624
5351
9639
1156
514
3043
5802
5310
9012
5406
4320
5427
7124
167
8009
1425
4785
2568
3691
6618
1696
2788
1982
1951
3268
8803
4711
4040
1792
9689
4075
8445
6153
3766
8772
7849
4650
8140
8984
4292
3343
5966
9020
7021
3775
7350
9541
5428
5401
3111
712
1820
930
4635
93
9150
6427
14
304
2085
4550
1273
86
7271
3541
7804
4367
4366
492
496
911
5940
2411
8414
8572
9636
4889
2203
2262
5368
7621
3476
4612
6393
9173
1616
7156
5777
4333
8842
3931
1790
6333
6240
3279
8030
9995
9810
1270
2322
236
6074
1108
4075
8841
5481
3690
2083
4409
9562
1240
4708
8569
434
6916
9790
2833
1338
6853
9095
6109
9000
1934
7544
3463
4186
1557
8190
6249
7386
8051
672
9508
4976
7551
7424
8311
1565
4573
6181
9322
8351
8954
5825
5827
8549
349
8854
4077
364
7461
1548
1439
6060
2545
3242
4018
4064
3862
6098
1669
1881
946
3232
7696
2341
7404
6928
8241
8280
2934
3094
5230
3253
8318
8103
5570
2630
6806
2337
4564
3846
5386
9917
7552
9805
2348
5286
514
7569
6020
8572
9883
9295
4095
3
5409
2077
2193
3258
959
7475
7485
5433
3381
8323
5526
9575
8928
3565
5464
3467
6228
7966
7459
1255
8224
252
4144
7314
7814
3673
7449
8923
2426
1296
2251
3500
2871
9275
513
5927
1629
8384
1676
5022
9993
3554
471
2137
3978
3337
