2296
9361
6832
9621
4380
9403
58
6103
8011
2330
9325
7633
8264
5735
7926
3290
2235
3124
5845
8299
2905
4026
8621
6147
9912
2037
8272
6759
2489
4758
3991
5994
8005
1051
8214
8411
3545
4301
5722
7008
7425
7579
3891
4293
9563
5730
8497
2763
6223
5884
9635
859
5005
5216
902
9047
8844
4390
7817
1485
6198
2606
4457
8440
1962
3039
4833
3378
7985
9875
1590
2369
7022
3755
9737
9723
6437
8601
4019
6319
9852
5595
9336
7203
4840
6390
8876
1987
3954
9922
4024
6589
9013
9954
6532
1084
361
6181
5671
9620
7461
6625
5233
2599
9620
5402
303
6963
5197
590
8900
3302
2297
1139
3109
2284
6520
662
2754
2818
8801
4443
7559
6033
7833
1139
9786
8486
506
4662
3257
6302
2303
5799
6032
5999
4484
354
5138
4077
1080
4599
4509
5511
8054
7009
8722
522
2197
4596
9585
7900
4519
3334
591
7409
5068
1999
4272
1687
7517
3684
9418
172
8291
6266
5387
6505
7266
945
8776
144
2943
1799
9263
682
5811
6372
6513
8646
560
8169
5289
6944
2124
5433
7025
9564
4445
854
573
6295
7962
6912
3453
9468
5202
9538
736
2070
7750
9142
7826
2955
1518
8479
7849
2708
2278
3210
8296
8222
5707
5718
2860
6991
7963
4416
4462
4657
2790
6754
9037
9085
7472
2605
6896
1318
1235
1909
1457
5850
734
8223
7229
9259
4926
6549
8901
5385
2822
9760
364
3262
9730
3650
3091
1209
9158
1355
3321
8975
4996
6153
5831
6983
293
5279
321
8271
3400
8467
2461
5815
9377
478
540
206
6815
5986
1140
7962
6179
702
693
1360
7889
924
2379
2436
1048
8584
6982
7337
6505
5163
3264
6618
1176
1478
198
9643
9704
1239
4674
6567
2902
7545
5581
4278
2672
7537
8984
7284
4068
9383
2554
5332
9548
2677
2501
9277
686
2994
5916
2033
6359
7984
5017
6508
7960
2334
6008
1125
5158
8378
9208
4982
2776
6525
9173
5098
9742
1973
1112
2974
3964
4208
3115
6938
919
4021
2952
3065
1056
5938
2827
1552
7
2836
5508
8709
423
9047
1310
8337
8005
9179
1373
5047
4050
1736
5752
6062
2144
5199
9892
4899
6949
4114
348
2928
8014
3465
833
5111
3668
7395
5247
8045
8169
1895
1237
8210
6379
161
8960
5154
5445
6064
7604
8553
3829
846
7339
3320
8397
3717
8282
1765
1295
8799
441
6867
7338
4372
3798
9797
3990
4402
1568
3260
3141
8945
2470
3107
4089
7080
1436
8713
832
4617
304
7532
7000
2145
6799
5573
8507
5586
9018
4195
3581
4890
2560
9292
4668
2540
4312
7025
4023
1818
8563
5842
3736
2217
2190
5222
4334
7413
704
8473
6799
1367
8584
1998
6073
5430
1623
57
7715
7648
4211
568
5857
1742
7286
5343
2531
9171
7582
8870
688
1835
7371
6967
7770
5019
4255
6112
8558
6708
5236
2988
7040
3816
5677
8879
8429
8988
9390
8154
14
31
875
2607
228
4241
3411
5414
9262
2985
3381
8595
3405
1381
5078
8567
3843
6957
6279
4504
4736
9497
835
2798
4470
5876
8776
4691
4374
7462
4679
8608
4665
4981
4874
2295
856
674
8884
2332
8616
7117
8728
9380
1397
3939
9806
6448
8964
4822
141
6229
2311
5274
7250
6074
5884
4334
2442
4290
102
6088
9580
954
356
8862
2469
89
8149
1405
8799
954
3526
5934
5852
6677
6480
4334
1398
7519
2418
6505
8574
844
9721
315
8354
8357
499
5459
9432
3215
8065
6014
7896
7992
496
2832
6535
4897
9729
7485
5678
2990
2561
8866
4468
8160
983
8596
276
8992
8999
5241
1202
1778
7061
8314
348
7578
9571
3429
6382
3430
2165
7862
7231
2788
5824
4210
921
240
4911
2783
3398
2873
1709
3993
6976
2037
6663
4431
4333
1752
1932
6164
2690
5597
9448
7145
6792
9594
7753
6077
9480
596
2687
9867
7722
4754
6809
4169
3801
2133
3829
297
4723
3334
9758
5554
8463
4081
4620
8263
9912
5239
9254
7390
5674
9688
8245
9596
6463
3796
4766
9119
149
1567
4716
5430
597
6580
8896
1096
4378
2802
9852
6088
2537
1326
5450
8278
8370
8333
2037
5444
8749
1210
8564
8998
2179
770
4742
8350
4694
4138
5027
1254
1323
8705
6030
2653
8648
581
4578
7222
3390
4012
5270
8942
7784
694
2788
3794
8647
4200
2399
5977
4794
8985
9347
8179
7089
7432
8997
652
3359
43
8281
5074
3662
2266
5348
2895
684
850
683
4098
1234
4430
8989
3536
1202
5691
8750
3486
419
1423
766
7405
4565
6682
6992
5714
6287
8778
6624
8754
4675
1413
681
7142
3080
6712
6524
5310
7151
5048
4880
4978
9360
3893
1171
2404
6849
8393
9701
2152
7603
5841
4030
5100
4956
6514
7437
3020
896
8260
3896
7753
1794
1094
9052
8764
9998
8643
369
5447
9976
5110
8735
702
9875
9227
5643
4315
3378
7207
137
3741
9227
5465
4739
4965
3090
9508
9820
5136
9926
4558
4260
2132
1932
8328
7266
5297
8291
5119
5520
2133
5878
1428
522
6833
6086
2197
4063
6299
5553
1276
1692
10
4182
4885
1599
6668
179
1197
9521
9759
309
4939
8627
2429
8343
8136
6290
22
3797
9044
6804
3788
6320
2433
5714
9817
8497
2834
6825
3581
9869
840
2503
8113
844
5313
8006
7388
1417
4379
3504
4785
5874
1458
9053
6402
1629
5659
9316
7831
6857
4662
2603
5693
2488
3193
9108
8852
7946
9258
1788
5175
6270
9132
6640
3892
7400
8176
6003
850
9224
536
5270
1189
3801
8128
2441
8844
7126
3781
2489
2529
7672
499
6853
6203
7467
9773
3839
2602
8775
8061
4611
910
5643
1874
5317
3550
3148
7267
5158
7906
2045
6781
525
8012
6786
9460
916
9084
5100
6149
3161
775
8506
1445
3705
6224
9976
5173
9905
2265
3980
6966
646
7477
4204
8113
3796
3191
9861
7182
4132
986
7346
6373
738
1205
9816
4968
224
538
1409
8935
4658
5609
4945
678
8976
2886
2690
5942
4759
3683
6556
9382
6204
2828
2052
4391
273
8762
6101
2036
5199
538
8622
4429
5480
5669
6804
3714
782
4564
478
7383
380
9542
7424
9374
5134
2409
2600
7590
9933
3567
7529
1100
5970
4306
7307
2612
948
4510
6401
1320
4528
6522
8270
3081
4024
8842
7006
2419
7598
2909
2774
61
3747
4369
3043
2909
2425
9367
8602
3972
4794
5650
4896
2698
9897
1837
8617
326
3320
7487
6444
1692
9522
5433
2514
5786
9155
8956
4825
4427
3118
553
7538
1319
3559
3959
8855
212
8441
2881
2503
4884
7290
2026
2163
9763
5932
3044
9677
8960
1900
18
7118
8677
1183
390
5982
6043
5164
75
6889
9460
8735
1133
3546
2419
5603
6127
3008
7981
7956
7811
3511
543
7087
9929
1625
1136
9129
4817
8518
8099
1868
2472
542
6090
7772
5111
278
9904
5009
3320
1739
6256
5751
7510
1535
3568
1440
8506
3379
2752
60
8019
4974
5378
8709
7228
6681
1788
5505
9599
5960
8086
9845
8859
2138
346
4511
138
4737
9512
2490
3864
4314
8309
8246
4530
3806
9259
7408
7376
9469
5101
7919
4522
8492
3904
7384
9764
5233
4299
2072
3234
1109
3752
3299
3421
8171
5317
5211
7743
1203
6255
3466
3346
5746
8639
1986
6725
9018
1992
2983
4965
8899
5014
2770
5340
5742
4128
148
7028
5067
3813
649
3586
2343
2035
8138
3934
536
3751
7750
1653
9122
3192
3298
2042
7672
700
9500
1582
2864
6871
1411
5121
7213
9288
7321
7498
4073
2395
5209
2191
8424
6629
8162
7939
4691
3095
6876
9869
7699
8296
7061
5953
7529
4967
8651
680
9685
988
5470
4030
1070
7242
6137
7830
5666
8113
5768
9440
8715
5076
7888
4730
8288
3225
9761
2782
728
7512
8312
9223
3270
8041
5383
4633
8208
9519
763
7087
2349
3989
2681
8325
9954
6498
7040
9323
6877
5684
3808
6346
3632
4076
3687
4684
5034
9105
2064
3386
5741
4869
2622
5796
8783
610
4409
843
5632
5393
7681
2331
5874
4590
8610
6608
3539
3472
2537
9525
2982
1584
3613
7416
7059
7009
62
3743
9015
3183
5971
2978
1250
3884
8177
9812
8620
838
3377
2361
3178
9844
5483
7493
8419
1669
9031
1051
7451
7294
7175
1334
4458
5088
5305
8597
6777
8058
5312
9559
667
5415
2817
4809
6849
2083
6082
3262
8808
1334
1024
9591
1529
1525
1556
896
4544
6689
8313
7902
7127
4726
7086
9581
5058
3051
7898
2364
2343
4647
6194
6153
1226
1238
2845
7357
4113
8290
9351
3991
522
5712
7477
3202
4929
2217
9393
4823
5400
2211
959
602
8195
7715
1957
8951
6843
6568
9904
337
4243
4900
5835
833
6602
523
5568
7120
4879
6176
2138
6457
3806
1037
3775
2629
2413
6229
5229
4132
2178
8586
8610
2839
6154
7795
9548
9196
3848
1626
7968
1138
1588
3558
8478
5828
5862
9258
5751
100
8094
6088
4799
2684
2581
4810
2273
486
1692
2584
1979
6057
8237
8106
8022
7081
8594
7811
2038
9933
936
6506
2152
2439
3397
1979
5068
9508
3946
5845
6065
7146
4015
8587
9205
7508
2856
7968
1428
5046
6107
7038
3833
7287
8873
558
1382
8631
4217
4113
9591
7502
9810
2335
962
3846
5003
5703
9766
4929
4009
9950
2610
6653
9643
6712
2992
5311
15
8838
4044
3012
9506
4606
2876
846
5822
1531
731
5806
2870
3619
7248
8583
3479
9617
9536
2060
7682
6155
9189
6025
7021
7437
3851
2515
368
4721
6451
2790
5179
2457
2975
6505
8914
8611
2099
3991
8879
2565
9668
6192
1653
8262
6557
5465
2513
402
2334
3611
6335
9861
2072
7571
8863
4722
1589
8109
4765
1163
8757
6352
973
9084
350
397
9886
6862
3767
5043
7635
489
7259
7013
4589
5823
3391
1706
3992
9198
2260
3610
3246
836
5127
8329
9046
7236
3830
2980
6917
8805
9245
813
4827
1283
2529
8840
1963
1214
5437
3146
3820
7915
8392
6802
4169
6429
2141
6173
6752
6010
3463
3644
1715
7954
4927
3546
7751
2368
8448
8165
8462
3702
3832
8613
4639
5705
6953
9609
5463
6366
5709
9271
8638
1698
1787
2435
7518
1991
9829
7096
1754
8583
9094
9617
5706
5629
1767
5137
5485
1653
4939
5351
1988
6232
263
3188
5330
3268
6022
3619
1349
9138
6406
6588
6753
7446
8422
5167
1519
3807
8210
1714
3300
9665
8063
2222
9998
637
4255
4043
4003
1119
4243
6135
9881
2199
3541
2662
2915
1884
229
4494
2436
8687
5286
9141
9739
5854
1190
9265
5936
8836
4245
6073
708
9248
6421
1045
7002
3958
849
2145
2488
2267
7030
7542
5473
5535
6306
9855
6343
6005
9092
5708
3354
9571
4399
6015
7203
6788
2128
816
2745
8675
5594
4646
4303
7740
6539
6577
1610
4324
5051
3753
4804
3424
7771
3839
7116
4809
7292
9376
5173
9031
2182
8732
827
4654
219
8083
1792
1654
1816
6914
2138
2981
7683
5012
9095
579
4368
5723
5651
8238
1261
3001
21
9511
7663
7513
1389
3493
1513
4967
8087
6329
6884
6396
7293
8598
6270
1806
5733
1636
9061
773
3385
5806
4752
8053
5308
2273
7095
1486
6581
6340
2293
1822
1664
1496
2027
9550
159
9575
257
9711
2976
5251
8623
8964
1890
6607
9412
9757
1079
1789
7466
495
713
4891
8499
9970
44
5426
8613
9091
8454
8789
7462
1175
5090
1688
8311
9280
1695
8837
3879
3826
2715
8679
7415
4479
7096
9443
1741
2446
6409
8086
8534
3981
1155
803
3605
8289
2146
7910
6547
261
7858
9226
4923
8340
1314
7598
9257
8327
2594
2130
5223
3974
4791
9939
6045
9449
4904
4379
7727
7441
4429
530
878
7980
6556
323
5571
7198
1104
2166
8110
1387
8819
9236
128
3772
1678
5402
1017
393
9332
9716
3609
6442
679
2079
396
4694
1501
9913
4271
9554
7242
5809
5403
7054
50
7825
9269
83
8246
7673
9971
2277
9195
6420
1053
2682
7638
8055
